112111111111
100000000001
100000000001
111111000001
100000000001
100000000001
100000000071
100001111111
100001003001
100001000001
100000000001
100000000001
100010001111
100010000001
100010000001
111111114111

111111116111
100000002001
100011111111
100010000091
100010000001
100010000101
100000000101
111111100101
100000000101
130000000101
100001111101
100000000001
100010001111
100010000001
100010000001
114111111111

111111611111
100010200001
100010000001
130010000001
100010000001
100010000001
100011111001
100000000001
100010000001
100010030001
100011111001
100010000001
100013111111
100011100001
100000000051
111111111411

161111111111
120000000001
100011000001
100011000001
100000000001
100000110001
100000110001
111000000001
111001100001
100001100001
100000000001
100000001101
101100001101
101100000001
100000000001
114111111111

111111116111
100000002001
100000000001
100000100001
100000100001
100000100001
111011111111
111000000011
111111011111
100100000001
100100000001
100100000001
100100000001
100000000001
100000000001
111114111111

111111611111
100000200001
111110000001
100011110001
103000111001
100011100001
101110000001
100011000001
100001100001
100000110101
100000000101
100000011101
100001110001
100000000301
105000000001
111411111111

161111111111
120000110301
111110110001
100000110001
130000110001
100000110001
100000000001
111111011111
103100000001
100100000001
100100000001
100111100001
100001000001
100001111101
100000000001
114111111111

111111116111
100000002001
111011111111
100000000001
111111111011
100000000001
111111011111
100000000001
111001111111
100000000001
111111001111
100000000001
111110000111
100000000001
100000000001
111114111111

111111611111
131000200131
101000000101
101000000101
101000000101
100000000001
111110011111
131000000131
101001100101
101001100101
101000000101
100000000001
111151111111
100000000001
180000000001
111111111111
